#randomseed collType nrNodes TransRate DataSize nrTransmissions nrCollisions nrlost nrlosterror nrnoack nracklost CollectionTime DER1 DER2 OverallEnergy nodefair1 nodefair2 sfdistribution
1 True 1 5000 20 0 0 0 0 0 0 8000.0 0 0 0.0 0 0 0 0 0 0 0 0
1 True 1 5000 20 1 0 1 0 0 0 8000.0 1.0 0.0 14.936064 1.0 0 0 0 0 0 0 0
1 True 1 5000 20 0 0 0 0 0 0 8000.0 0 0 0.0 0 0 0 0 0 0 0 0
1 True 1 5000 20 1 0 1 0 0 0 8000.0 1.0 0.0 47.849472 1.0 0 0 0 0 0 0 0
1 True 1 5000 20 1 0 0 0 0 0 8000.0 1.0 1.0 68.395008 1.0 1.0 0 0 0 0 0 0
1 True 1 5000 20 0 0 0 0 0 0 8000.0 0 0 0.0 0 0 0 0 0 0 0 0
1 True 1 5000 20 0 0 0 0 0 0 8000.0 0 0 0.0 0 0 0 0 0 0 0 0
1 True 1 5000 20 1 0 0 0 0 0 8000.0 1.0 1.0 10.739712 1.0 1.0 0 0 0 0 0 0
1 True 2 5000 20 6 0 0 0 1 0 8000.0 1.0 0.833333333333 222.918352896 1.0 0.961538461538 0 0 0 0 0 0
1 True 2 5000 20 3 0 0 0 1 0 8000.0 1.0 0.666666666667 56.842960896 1.0 0.9 0 0 0 0 0 0
1 True 2 5000 20 9 0 0 0 5 0 8000.0 1.0 0.444444444444 291.58146048 1.0 0.748962655602 0 0 0 0 0 0
1 True 2 5000 20 2 0 0 0 0 0 8000.0 1.0 0.5 68.732928 1.0 0.5 0 0 0 0 0 0
1 True 2 5000 20 1 0 0 0 0 0 8000.0 1.0 1.0 203.292672 0.5 0.5 0 0 0 0 0 0
1 True 5 5000 20 10 0 3 0 1 0 8000.0 1.0 0.6 95.973328896 1.0 0.78064516129 0 0 0 0 0 0
1 True 5 5000 20 7 0 0 0 3 0 8000.0 1.0 0.571428571429 463.840370688 1.0 0.72 0 0 0 0 0 0
1 True 5 5000 20 2 0 0 0 0 0 8000.0 1.0 1.0 49.910784 0.4 0.4 0 0 0 0 0 0
1 False 5 5000 20 7 0 0 0 4 0 8000.0 1.0 0.428571428571 324.219715584 0.8 0.533333333333 0 0 0 0 0 0
1 True 5 5000 20 5 0 0 0 1 0 8000.0 1.0 0.8 125.069008896 0.6 0.4 0 0 0 0 0 0
2 True 5 5000 20 4 0 0 0 2 0 8000.0 1.0 0.25 259.237699584 0.6 0.2 0 0 0 0 0 0
2 True 5 5000 20 3 0 1 0 2 0 8000.0 1.0 0.0 315.504801792 0.6 0 0 0 0 0 0 0
2 True 5 5000 20 7 0 0 0 5 0 8000.0 1.0 0.142857142857 1258.01813606 0.8 0.2 0 0 0 0 0 0
2 True 5 5000 20 9 0 1 0 6 0 8000.0 1.0 0.111111111111 357.63972096 1.0 0.2 0 0 0 0 0 0
2 True 5 5000 20 5 0 0 0 3 0 8000.0 1.0 0.4 435.443011584 0.6 0.4 0 0 0 0 0 0
2 True 5 5000 20 5 0 0 0 1 0 8000.0 1.0 0.6 355.774881792 0.6 0.384615384615 0 0 0 0 0 0
2 True 5 5000 20 10 0 1 0 8 0 8000.0 1.0 0.1 845.028332544 1.0 0.2 0 0 0 0 0 0
2 True 5 5000 20 9 0 0 0 7 0 8000.0 1.0 0.222222222222 394.191980544 0.6 0.2 0 0 0 0 0 0
2 True 5 5000 20 15 0 0 0 12 0 8000.0 1.0 0.2 578.291073024 1.0 0.574512353706 0 0 0 0 0 0
2 True 5 5000 20 10 0 9 0 0 0 8000.0 1.0 0.0 330.836352 1.0 0 0 0 0 0 0 0
2 True 5 5000 20 9 0 9 0 0 0 8000.0 1.0 0.0 513.714432 0.8 0 0 0 0 0 0 0
2 True 5 5000 20 6 0 3 0 2 0 8000.0 1.0 0.166666666667 137.152613376 0.6 0.2 0 0 0 0 0 0
3 True 2 5000 1000 3 0 1 0 0 0 8000.0 1.0 0.333333333333 24449.4430249 1.0 0.5 0 0 0 0 0 0
3 True 2 5000 1000 2 0 0 0 0 0 8000.0 1.0 0.0 3419.057664 1.0 0 0 0 0 0 0 0
3 True 2 5000 1000 2 0 0 0 1 0 8000.0 1.0 0.5 2104.23440179 1.0 0.5 0 0 0 0 0 0
3 True 2 5000 1000 1 0 0 0 0 0 8000.0 1.0 0.0 832.609536 0.5 0 0 0 0 0 0 0
3 True 2 5000 1000 1 0 0 0 0 0 8000.0 1.0 0.0 2167.697664 0.5 0 0 0 0 0 0 0
3 True 2 5000 1000 2 0 0 0 0 0 8000.0 1.0 0.0 7029.715968 1.0 0 0 0 0 0 0 0
3 True 2 5000 5000 2 0 0 0 0 0 8000.0 1.0 0.0 40529.685504 1.0 0 0 0 0 0 0 0
3 True 2 5000 5000 2 0 0 0 0 0 8000.0 1.0 0.0 21495.76704 1.0 0 0 0 0 0 0 0
3 True 2 5000 5000 1 0 0 0 0 0 8000.0 1.0 0.0 24198.316032 0.5 0 0 0 0 0 0 0
3 True 2 5000 5000 1 0 0 0 0 0 8000.0 1.0 0.0 39216.832512 0.5 0 0 0 0 0 0 0
3 True 4 5000 5000 3 0 0 0 0 0 8000.0 1.0 0.0 71155.231488 0.75 0 0 0 0 0 0 0
2 True 4 5000 5000 4 0 0 0 0 0 8000.0 1.0 0.0 37377.58464 1.0 0 0 0 0 0 0 0
2 True 4 5000 5000 3 0 1 0 0 0 8000.0 1.0 0.0 13130.591232 0.75 0 0 0 0 0 0 0
2 True 4 5000 5000 4 0 0 0 0 0 8000.0 1.0 0.0 18573.967104 1.0 0 0 0 0 0 0 0
2 True 4 5000 5000 4 0 1 0 0 0 8000.0 1.0 0.0 16983.377664 1.0 0 0 0 0 0 0 0
2 True 4 5000 5000 5 0 1 0 0 0 8000.0 1.0 0.2 66815.254272 1.0 0.25 0 0 0 0 0 0
2 True 4 5000 5000 4 0 0 0 0 0 8000.0 1.0 0.0 87187.7952 1.0 0 0 0 0 0 0 0
2 True 4 5000 5000 5 0 2 0 0 0 8000.0 1.0 0.0 39124.622592 1.0 0 0 0 0 0 0 0
2 True 4 5000 5000 3 0 0 0 0 0 8000.0 1.0 0.0 27800.6784 0.75 0 0 0 0 0 0 0
2 True 4 5000 5000 4 0 1 0 0 0 8000.0 1.0 0.0 23644.059648 1.0 0 0 0 0 0 0 0
2 True 2 5000 5000 2 0 1 0 0 0 8000.0 1.0 0.0 42942.713088 1.0 0 0 0 0 0 0 0
2 True 2 5000 5000 1 0 0 0 0 0 8000.0 1.0 0.0 4168.209408 0.5 0 0 0 0 0 0 0
2 True 2 5000 5000 0 0 0 0 0 0 8000.0 0 0 0.0 0 0 0 0 0 0 0 0
2 True 2 5000 5000 1 0 0 0 0 0 8000.0 1.0 0.0 69381.193728 0.5 0 0 0 0 0 0 0
3 True 2 5000 5000 2 0 0 0 0 0 8000.0 1.0 0.0 208143.581184 1.0 0 0 0 0 0 0 0
3 True 2 5000 5000 2 0 0 0 0 0 8000.0 1.0 0.0 208143.581184 1.0 0 0 0 0 0 0 0
3 True 2 5000 5000 2 0 0 0 0 0 8000.0 1.0 0.0 208143.581184 1.0 0 0 0 0 0 0 0
3 True 2 5000 5000 1 0 0 0 0 0 8000.0 1.0 0.0 104071.790592 0.5 0 0 0 0 0 0 0
3 True 2 5000 5000 1 0 0 0 0 0 8000.0 1.0 0.0 104071.790592 0.5 0 0 0 0 0 0 0
3 True 2 5000 5000 2 0 0 0 0 0 8000.0 1.0 0.0 208143.581184 1.0 0 0 0 0 0 0 0
3 True 2 5000 5000 1 0 0 0 0 0 8000.0 1.0 0.0 104071.790592 0.5 0 0 0 0 0 0 0
3 True 2 5000 5000 1 0 0 0 0 0 8000.0 1.0 0.0 104071.790592 0.5 0 0 0 0 0 0 0
3 True 2 5000 5000 2 0 0 0 0 0 8000.0 1.0 0.0 208143.581184 1.0 0 0 0 0 0 0 0
3 True 2 5000 5000 1 0 0 0 0 0 8000.0 1.0 0.0 104071.790592 0.5 0 0 0 0 0 0 0
3 True 2 5000 5000 2 0 0 0 0 0 8000.0 1.0 0.0 208143.581184 1.0 0 0 0 0 0 0 0
3 True 2 5000 5000 1 0 0 0 0 0 8000.0 1.0 0.0 104071.790592 0.5 0 0 0 0 0 0 0
3 True 2 5000 5000 1 0 0 0 0 0 8000.0 1.0 0.0 104071.790592 0.5 0 0 0 0 0 0 0
3 True 2 5000 5000 3 0 0 0 6 0 8000.0 1.0 1.0 312251.085029 1.0 0.5 0 0 0 0 0 0
3 True 2 5000 5000 3 0 0 0 7 0 8000.0 1.0 0.666666666667 312239.195062 0.5 0.5 0 0 0 0 0 0
3 True 2 5000 5000 4 0 0 0 8 0 8000.0 1.0 1.0 416334.780039 1.0 0.8 0 0 0 0 0 0
3 True 2 5000 5000 4 0 0 0 9 0 8000.0 1.0 0.75 416322.890072 1.0 0.662162162162 0 0 0 0 0 0
3 True 2 5000 5000 3 0 0 0 6 0 8000.0 1.0 1.0 312251.085029 0.5 0.5 0 0 0 0 0 0
3 True 2 5000 5000 4 0 0 0 9 0 8000.0 1.0 0.75 416322.890072 1.0 0.5 0 0 0 0 0 0
3 True 2 5000 5000 1 0 0 0 1 0 8000.0 1.0 2.0 104095.584977 0.5 0.5 0 0 0 0 0 0
3 True 2 5000 5000 2 0 0 0 4 0 8000.0 1.0 1.0 208167.39002 0.5 0.5 0 0 0 0 0 0
3 True 2 5000 5000 2 0 0 0 3 0 8000.0 1.0 1.5 208179.279987 0.5 0.5 0 0 0 0 0 0
3 True 2 5000 5000 5 0 0 0 11 0 8000.0 1.0 0.8 520406.585082 1.0 0.961538461538 0 0 0 0 0 0
3 True 2 5000 5000 2 0 0 0 3 0 8000.0 1.0 1.5 208179.279987 1.0 0.9 0 0 0 0 0 0
3 True 2 5000 5000 2 0 0 0 4 0 8000.0 1.0 1.0 208167.39002 0.5 0.5 0 0 0 0 0 0
3 True 2 5000 5000 2 0 0 0 4 0 8000.0 1.0 1.0 208167.39002 1.0 0.5 0 0 0 0 0 0
3 True 2 5000 5000 2 0 0 0 4 0 8000.0 1.0 1.0 208167.39002 0.5 0.5 0 0 0 0 0 0
3 True 2 5000 5000 2 0 0 0 3 0 8000.0 1.0 1.5 208179.279987 1.0 0.9 0 0 0 0 0 0
3 True 2 5000 5000 1 0 0 0 1 0 8000.0 1.0 2.0 104095.584977 0.5 0.5 0 0 0 0 0 0
3 True 2 5000 5000 2 0 0 0 0 0 8000.0 1.0 0.0 208143.581184 1.0 0 0 0 0 0 0 0
3 True 2 5000 5000 2 0 0 0 0 0 8000.0 1.0 0.0 208143.581184 1.0 0 0 0 0 0 0 0
3 True 2 5000 5000 2 0 0 0 0 0 8000.0 1.0 0.0 208143.581184 1.0 0 0 0 0 0 0 0
3 True 2 5000 5000 1 0 0 0 0 0 8000.0 1.0 0.0 104071.790592 0.5 0 0 0 0 0 0 0
3 True 2 5000 5000 1 0 0 0 0 0 8000.0 1.0 0.0 104083.685376 0.5 0 0 0 0 0 0 0
3 True 2 5000 5000 2 0 0 0 0 0 8000.0 1.0 0.0 208167.370752 1.0 0 0 0 0 0 0 0
3 True 2 5000 5000 1 0 0 0 0 0 8000.0 1.0 0.0 104083.685376 0.5 0 0 0 0 0 0 0
3 True 2 5000 5000 6 0 0 0 15 0 8000.0 1.0 0.5 624466.500157 1.0 0.735294117647 0 0 0 0 0 0
3 True 2 5000 5000 6 0 0 0 14 0 8000.0 1.0 0.666666666667 624478.390125 1.0 0.961538461538 0 0 0 0 0 0
3 True 2 5000 5000 2 0 0 0 0 0 8000.0 1.0 0.0 208167.370752 1.0 0 0 0 0 0 0 0
3 True 2 5000 5000 2 0 0 0 0 0 8000.0 1.0 0.0 208167.370752 1.0 0 0 0 0 0 0 0
3 True 2 5000 5000 2 0 0 0 0 0 8000.0 1.0 0.0 208167.370752 1.0 0 0 0 0 0 0 0
3 True 2 5000 5000 2 0 0 0 0 0 8000.0 1.0 0.0 208167.370752 1.0 0 0 0 0 0 0 0
3 True 2 5000 5000 2 0 0 0 0 0 8000.0 1.0 0.0 208167.370752 1.0 0 0 0 0 0 0 0
3 True 2 5000 5000 1 0 0 0 1 0 8000.0 1.0 3.0 104095.584977 0.5 0.5 0 0 0 0 0 0
3 True 2 5000 5000 7 0 0 0 17 0 8000.0 1.0 3.0 728550.195167 1.0 1.0 0 0 0 0 0 0
3 True 2 5000 5000 2 0 0 0 0 0 8000.0 1.0 0.0 208167.370752 1.0 0 0 0 0 0 0 0
3 True 2 5000 5000 1 0 0 0 0 0 8000.0 1.0 0.0 104083.685376 0.5 0 0 0 0 0 0 0
3 True 2 5000 5000 2 0 0 0 0 0 8000.0 1.0 0.0 208167.370752 1.0 0 0 0 0 0 0 0
3 True 2 5000 5000 3 0 0 0 6 0 8000.0 1.0 3.0 312251.085029 1.0 1.0 0 0 0 0 0 0
3 True 2 5000 5000 2 0 0 0 3 0 8000.0 1.0 3.0 208179.279987 0.5 0.5 0 0 0 0 0 0
3 True 2 5000 5000 3 0 0 0 6 0 8000.0 1.0 3.0 312251.085029 1.0 1.0 0 0 0 0 0 0
3 True 2 5000 5000 0 0 0 0 0 0 8000.0 0 0 0.0 0 0 0 0 0 0 0 0
3 True 2 5000 5000 5 0 0 0 11 0 8000.0 1.0 3.0 520406.585082 1.0 1.0 0 0 0 0 0 0
3 True 2 5000 5000 5 0 0 0 12 0 8000.0 1.0 3.0 520394.695115 1.0 1.0 0 0 0 0 0 0
3 True 2 5000 5000 0 0 0 0 0 0 8000.0 0 0 0.0 0 0 0 0 0 0 0 0
3 True 2 5000 5000 5 0 0 0 12 0 8000.0 1.0 3.0 520394.695115 1.0 1.0 0 0 0 0 0 0
3 True 2 5000 5000 6 0 0 0 15 0 8000.0 1.0 3.0 624466.500157 1.0 1.0 0 0 0 0 0 0
3 True 2 5000 5000 4 0 0 0 9 0 8000.0 1.0 3.0 416322.890072 1.0 1.0 0 0 0 0 0 0
3 True 2 5000 5000 2 0 0 0 3 0 8000.0 1.0 3.0 208179.279987 1.0 1.0 0 0 0 0 0 0
3 True 2 5000 5000 4 0 0 0 9 0 8000.0 1.0 3.0 416322.890072 0.5 0.5 0 0 0 0 0 0
3 True 2 5000 5000 5 0 0 0 11 0 8000.0 1.0 3.0 520406.585082 1.0 1.0 0 0 0 0 0 0
3 True 2 5000 5000 3 0 0 0 7 0 8000.0 1.0 3.0 312239.195062 1.0 1.0 0 0 0 0 0 0
3 True 2 5000 5000 5 0 0 0 12 0 8000.0 1.0 3.0 520394.695115 1.0 1.0 0 0 0 0 0 0
3 True 2 5000 5000 3 0 0 0 7 0 8000.0 1.0 3.0 312239.195062 1.0 1.0 0 0 0 0 0 0
3 True 2 5000 5000 3 0 0 0 0 0 8000.0 1.0 0.333333333333 91114.04544 0.5 0.5 0 0 0 0 0 0
3 True 2 5000 5000 4 0 0 0 0 0 8000.0 1.0 0.5 204540.542976 1.0 1.0 0 0 0 0 0 0
3 True 2 5000 5000 5 0 0 0 0 0 8000.0 1.0 0.4 321588.461568 1.0 0.961538461538 0 0 0 0 0 0
3 True 2 5000 5000 2 0 0 0 4 0 8000.0 1.0 3.0 90863.1928996 1.0 1.0 0 0 0 0 0 0
3 True 2 5000 5000 2 0 0 0 3 0 8000.0 1.0 3.0 80701.7985147 0.5 0.5 0 0 0 0 0 0
3 False 2 5000 5000 3 0 0 0 6 0 8000.0 1.0 3.0 255882.784997 0.5 0.5 0 0 0 0 0 0
3 False 2 5000 5000 4 0 0 0 10 0 8000.0 1.0 3.0 155957.967913 0.5 0.5 0 0 0 0 0 0
3 False 2 5000 5000 1 0 0 0 1 0 8000.0 1.0 3.0 38384.4727849 0.5 0.5 0 0 0 0 0 0
3 False 2 5000 5000 7 0 0 0 17 0 8000.0 1.0 3.0 270129.545183 1.0 1.0 0 0 0 0 0 0
3 False 2 5000 5000 7 0 0 0 18 0 8000.0 1.0 3.0 441506.35384 1.0 1.0 0 0 0 0 0 0
3 False 2 5000 5000 1 0 0 0 1 0 8000.0 1.0 3.0 56032.0068649 0.5 0.5 0 0 0 0 0 0
3 False 2 5000 5000 3 0 0 0 6 0 8000.0 1.0 3.0 246228.545765 1.0 1.0 0 0 0 0 0 0
3 False 2 5000 5000 3 0 0 0 7 0 8000.0 1.0 3.0 295941.178294 1.0 1.0 0 0 0 0 0 0
0 False 2 5000 5000 3 0 0 0 0 0 8000.0 1.0 0.0 0.0 1.0 0 0 0 0 0 0 0
0 False 2 5000 5000 1 0 0 0 0 0 8000.0 1.0 0.0 0.0 0.5 0 0 0 0 0 0 0
0 False 2 5000 5000 2 0 0 0 0 0 8000.0 1.0 0.0 0.0 1.0 0 0 0 0 0 0 0
0 False 2 5000 5000 2 0 0 0 0 0 8000.0 1.0 0.0 0.0 0.5 0 0 0 0 0 0 0
0 False 2 5000 5000 10 0 0 0 0 0 8000.0 1.0 0.0 0.0 1.0 0 0 0 0 0 0 0
0 True 2 5000 5000 4 0 0 0 0 0 8000.0 1.0 0.0 0.0 1.0 0 0 0 0 0 0 0
0 True 2 5000 5000 2 0 0 0 0 0 8000.0 1.0 0.0 0.0 0.5 0 0 0 0 0 0 0
3 True 2 5000 5000 5 0 0 0 12 0 8000.0 1.0 3.0 218621.862347 1.0 1.0 0 0 0 0 0 0
3 True 2 5000 5000 0 0 0 0 0 0 8000.0 0 0 0.0 0 0 0 0 0 0 0 0
3 True 2 5000 5000 4 0 0 0 9 0 8000.0 1.0 3.0 268810.266968 1.0 1.0 0 0 0 0 0 0
3 True 2 5000 5000 2 0 0 0 4 0 8000.0 1.0 3.0 57229.0691236 0.5 0.5 0 0 0 0 0 0
3 False 2 5000 5000 0 0 0 0 0 0 8000.0 0 0 0.0 0 0 0 0 0 0 0 0
3 False 2 5000 5000 2 0 0 0 3 0 8000.0 1.0 3.0 81428.4616827 1.0 1.0 0 0 0 0 0 0
3 False 2 5000 5000 7 0 0 0 17 0 8000.0 1.0 3.0 442867.761119 1.0 1.0 0 0 0 0 0 0
3 False 2 5000 5000 2 0 0 0 4 0 8000.0 1.0 3.0 119514.483524 0.5 0.5 0 0 0 0 0 0
3 False 2 5000 5000 1 0 0 0 1 0 8000.0 1.0 3.0 82918.5440809 0.5 0.5 0 0 0 0 0 0
3 False 2 5000 5000 2 0 0 0 4 0 8000.0 1.0 3.0 66364.2632356 1.0 1.0 0 0 0 0 0 0
3 False 2 5000 5000 4 0 0 0 9 0 8000.0 1.0 3.0 224899.049816 0.5 0.5 0 0 0 0 0 0
3 False 2 5000 5000 6 0 0 0 15 0 8000.0 1.0 3.0 204039.952957 1.0 1.0 0 0 0 0 0 0
3 False 2 5000 5000 6 0 0 0 15 0 8000.0 1.0 3.0 252207.340093 1.0 1.0 0 0 0 0 0 0
3 False 2 5000 5000 2 0 0 0 4 0 8000.0 1.0 3.0 81105.1446436 0.5 0.5 0 0 0 0 0 0
3 False 2 5000 5000 4 0 0 0 8 0 8000.0 1.0 3.0 177262.597767 1.0 1.0 0 0 0 0 0 0
3 False 2 5000 5000 3 0 0 0 6 0 8000.0 1.0 3.0 185811.693797 0.5 0.5 0 0 0 0 0 0
3 False 2 5000 5000 3 0 0 0 6 0 8000.0 1.0 3.0 184877.412581 0.5 0.5 0 0 0 0 0 0
3 False 2 5000 5000 1 0 0 0 1 0 8000.0 1.0 3.0 31014.0320809 0.5 0.5 0 0 0 0 0 0
3 False 2 5000 5000 1 0 0 0 1 0 8000.0 1.0 3.0 80738.5545769 0.5 0.5 0 0 0 0 0 0
3 False 2 5000 5000 4 0 0 0 10 0 8000.0 1.0 3.0 239420.423209 1.0 1.0 0 0 0 0 0 0
3 False 2 5000 5000 7 0 0 0 18 0 8000.0 1.0 3.0 554242.953904 1.0 1.0 0 0 0 0 0 0
3 False 2 5000 5000 2 0 0 0 4 0 8000.0 1.0 3.0 197163.633476 0.5 0.5 0 0 0 0 0 0
3 False 2 5000 5000 4 0 0 0 9 0 8000.0 1.0 3.0 339919.448408 0.5 0.5 0 0 0 0 0 0
3 False 2 5000 5000 4 0 0 0 9 0 8000.0 1.0 3.0 157838.420312 1.0 1.0 0 0 0 0 0 0
3 False 2 5000 5000 7 0 0 0 17 0 8000.0 1.0 3.0 527887.351775 1.0 1.0 0 0 0 0 0 0
3 False 2 5000 5000 2 0 0 0 0 0 8000.0 1.0 0.0 176817.045504 1.0 0 0 0 0 0 0 0
3 False 2 5000 5000 4 0 0 0 9 0 8000.0 1.0 3.0 269536.930136 1.0 1.0 0 0 0 0 0 0
3 False 2 5000 5000 2 0 0 0 4 0 8000.0 1.0 3.0 170796.14138 1.0 1.0 0 0 0 0 0 0
3 False 2 5000 5000 2 0 0 0 4 0 8000.0 1.0 3.0 192180.800324 1.0 1.0 0 0 0 0 0 0
3 False 2 5000 5000 2 0 0 0 3 0 8000.0 1.0 3.0 110598.797427 0.5 0.5 0 0 0 0 0 0
3 False 2 5000 5000 4 0 0 0 9 0 8000.0 1.0 3.0 234760.907096 1.0 1.0 0 0 0 0 0 0
3 False 2 5000 5000 2 0 0 0 3 0 8000.0 1.0 3.0 143194.830963 0.5 0.5 0 0 0 0 0 0
3 False 2 5000 5000 5 0 0 0 12 0 8000.0 1.0 3.0 447520.760267 1.0 1.0 0 0 0 0 0 0
3 False 2 5000 5000 6 0 0 0 15 0 8000.0 1.0 3.0 296014.748221 1.0 1.0 0 0 0 0 0 0
3 False 2 5000 5000 2 0 0 0 3 0 8000.0 1.0 3.0 159908.083827 1.0 1.0 0 0 0 0 0 0
3 True 2 5000 5000 2 0 0 0 4 0 8000.0 1.0 3.0 94600.3177636 1.0 1.0 0 0 0 0 0 0
3 True 2 5000 5000 5 0 0 0 11 0 8000.0 1.0 3.0 403206.196986 1.0 1.0 0 0 0 0 0 0
3 True 2 5000 5000 2 0 0 0 3 0 8000.0 1.0 3.0 57137.1500667 1.0 1.0 0 0 0 0 0 0
3 True 2 5000 5000 3 0 0 0 7 0 8000.0 1.0 3.0 141888.586678 1.0 1.0 0 0 0 0 0 0
3 True 2 5000 5000 4 0 0 0 9 0 8000.0 1.0 3.0 214518.147416 1.0 1.0 0 0 0 0 0 0
3 True 2 5000 5000 2 0 0 0 3 0 8000.0 1.0 3.0 127831.095411 1.0 1.0 0 0 0 0 0 0
3 True 2 5000 5000 1 0 0 0 1 0 8000.0 1.0 3.0 59353.8956329 0.5 0.5 0 0 0 0 0 0
3 True 2 5000 5000 2 0 0 0 3 0 8000.0 1.0 3.0 135928.199283 1.0 1.0 0 0 0 0 0 0
3 True 2 5000 5000 0 0 0 0 0 0 8000.0 0 0 0.0 0 0 0 0 0 0 0 0
2 True 2 5000 5000 0 0 0 0 0 0 8000.0 0 0 0.0 0 0 0 0 0 0 0 0
2 True 2 5000 5000 0 0 0 0 0 0 8000.0 0 0 0.0 0 0 0 0 0 0 0 0
2 True 2 5000 5000 3 0 6 0 6 0 8000.0 1.0 0.0 7281.348096 1.0 0 0 0 0 0 0 0
2 True 2 5000 5000 5 0 10 0 10 0 8000.0 1.0 0.0 35770.60608 1.0 0 0 0 0 0 0 0
2 True 2 5000 5000 3 0 6 0 6 0 8000.0 1.0 0.0 875.584512 0.5 0 0 0 0 0 0 0
2 True 2 5000 5000 4 0 8 0 8 0 8000.0 1.0 0.0 22955.58144 0.5 0 0 0 0 0 0 0
2 True 2 5000 5000 4 0 8 0 8 0 8000.0 1.0 0.0 28718.21568 1.0 0 0 0 0 0 0 0
2 True 2 5000 5000 3 0 6 0 6 0 8000.0 1.0 0.0 32347.121664 1.0 0 0 0 0 0 0 0
2 True 2 5000 5000 2 0 4 0 4 0 8000.0 1.0 0.0 6640.347648 1.0 0 0 0 0 0 0 0
2 True 2 5000 5000 0 0 0 0 0 0 8000.0 0 0 0.0 0 0 0 0 0 0 0 0
2 True 2 5000 5000 3 0 6 0 6 0 8000.0 1.0 0.0 5812.376064 1.0 0 0 0 0 0 0 0
2 True 2 5000 5000 2 0 4 0 4 0 8000.0 1.0 0.0 19846.024704 1.0 0 0 0 0 0 0 0
2 True 2 5000 5000 1 0 2 0 2 0 8000.0 1.0 0.0 3099.40224 0.5 0 0 0 0 0 0 0
2 True 2 5000 5000 1 0 2 0 2 0 8000.0 1.0 0.0 774.85056 0.5 0 0 0 0 0 0 0
2 True 2 5000 5000 1 0 2 0 2 0 8000.0 1.0 0.0 1319.885952 0.5 0 0 0 0 0 0 0
2 True 2 5000 5000 2 0 4 0 4 0 8000.0 1.0 0.0 1684.61568 0.5 0 0 0 0 0 0 0
2 False 2 5000 5000 3 0 6 0 6 0 8000.0 1.0 0.0 18221.043456 0.5 0 0 0 0 0 0 0
2 False 2 5000 5000 4 0 8 0 8 0 8000.0 1.0 0.0 8180.291328 1.0 0 0 0 0 0 0 0
2 False 2 5000 5000 2 0 4 0 4 0 8000.0 1.0 0.0 10653.30816 1.0 0 0 0 0 0 0 0
2 False 2 5000 5000 4 0 8 0 8 0 8000.0 1.0 0.0 12888.843264 1.0 0 0 0 0 0 0 0
2 False 2 5000 5000 5 0 10 0 10 0 8000.0 1.0 0.0 14779.919616 1.0 0 0 0 0 0 0 0
2 False 2 5000 5000 2 0 4 0 4 0 8000.0 1.0 0.0 29669.105664 0.5 0 0 0 0 0 0 0
2 False 2 5000 5000 4 0 8 0 8 0 8000.0 1.0 0.0 10401.042432 0.5 0 0 0 0 0 0 0
2 False 2 5000 5000 4 0 8 0 8 0 8000.0 1.0 0.0 24242.228736 1.0 0 0 0 0 0 0 0
2 False 2 5000 5000 5 0 10 0 10 0 8000.0 1.0 0.0 5267.142144 1.0 0 0 0 0 0 0 0
2 False 2 5000 5000 2 0 2 0 2 2 8000.0 1.0 1.0 5263.1808 1.0 1.0 0 0 0 0 0 0
2 False 2 5000 5000 5 0 2 0 7 3 8000.0 1.0 1.6 30959.0717645 1.0 0.997237569061 0 0 0 0 0 0
2 False 2 5000 5000 4 0 1 0 4 4 8000.0 1.0 1.75 16177.4214267 0.5 0.5 0 0 0 0 0 0
2 False 2 5000 5000 7 0 2 0 10 4 8000.0 1.0 1.71428571429 122486.238855 1.0 0.999405469679 0 0 0 0 0 0
2 False 2 5000 5000 2 0 2 0 2 1 8000.0 1.0 1.0 8385.052032 1.0 1.0 0 0 0 0 0 0
2 False 2 5000 5000 3 0 2 0 4 2 8000.0 1.0 1.33333333333 8408.47299379 1.0 0.961538461538 0 0 0 0 0 0
2 False 2 5000 5000 5 0 2 0 7 2 8000.0 1.0 1.6 12567.4992845 1.0 0.930769230769 0 0 0 0 0 0
2 False 2 5000 5000 4 0 2 0 3 5 8000.0 1.0 1.5 20801.7901609 1.0 1.0 0 0 0 0 0 0
2 True 2 5000 5000 3 0 1 0 4 2 8000.0 1.0 1.66666666667 19283.3393787 0.5 0.5 0 0 0 0 0 0
2 True 2 5000 5000 1 0 1 0 1 1 8000.0 1.0 1.0 1446.948096 0.5 0.5 0 0 0 0 0 0
4 True 2 5000 5000 3 0 0 0 7 0 8000.0 1.0 4.0 1407.63026227 1.0 1.0 0 0 0 0 0 0
4 True 2 5000 5000 5 0 0 0 14 0 8000.0 1.0 4.0 2312.52618854 1.0 1.0 0 0 0 0 0 0
4 True 2 5000 5000 6 0 0 0 18 0 8000.0 1.0 4.0 1414.70891213 1.0 1.0 0 0 0 0 0 0
4 True 2 5000 5000 5 0 2 0 16 4 8000.0 1.0 3.6 66523.6007485 1.0 0.999459459459 0 0 0 0 0 0
4 True 2 5000 5000 0 0 0 0 0 0 8000.0 0 0 0.0 0 0 0 0 0 0 0 0
4 True 2 5000 5000 3 0 2 0 8 4 8000.0 1.0 3.33333333333 35722.3431414 1.0 0.994117647059 0 0 0 0 0 0
4 True 2 5000 5000 9 0 2 0 32 4 8000.0 1.0 3.77777777778 95416.0344269 1.0 0.999956144198 0 0 0 0 0 0
4 True 2 5000 5000 2 0 2 0 2 0 8000.0 1.0 0.0 15076.271616 1.0 0 0 0 0 0 0 0
4 True 2 5000 5000 2 0 1 0 1 0 8000.0 1.0 0.0 47249.765376 1.0 0 0 0 0 0 0 0
4 True 2 5000 5000 1 0 0 0 0 0 8000.0 1.0 0.0 10784.792832 0.5 0 0 0 0 0 0 0
4 True 2 5000 5000 2 0 2 0 2 2 8000.0 1.0 1.0 10442.856192 1.0 0.5 0 0 0 0 0 0
4 True 2 5000 5000 1 0 1 0 1 1 8000.0 1.0 1.0 1997.388288 0.5 0.5 0 0 0 0 0 0
4 True 2 5000 5000 2 0 1 0 1 0 8000.0 1.0 0.0 29101.873152 1.0 0 0 0 0 0 0 0
4 True 2 5000 5000 2 0 0 0 0 0 8000.0 1.0 0.0 19661.081088 1.0 0 0 0 0 0 0 0
4 True 2 5000 5000 2 0 1 0 1 0 8000.0 1.0 0.0 37913.965056 1.0 0 0 0 0 0 0 0
4 True 2 5000 5000 1 0 0 0 0 0 8000.0 1.0 0.0 18866.563584 0.5 0 0 0 0 0 0 0
4 True 2 5000 5000 2 0 3 0 3 0 8000.0 1.0 0.0 6048.455424 1.0 0 0 0 0 0 0 0
4 True 2 5000 5000 2 0 1 0 1 0 8000.0 1.0 0.0 8782.9632 1.0 0 0 0 0 0 0 0
4 True 2 5000 5000 2 0 0 0 0 0 8000.0 1.0 0.0 24449.50464 1.0 0 0 0 0 0 0 0
4 True 2 5000 5000 2 0 3 0 3 0 8000.0 1.0 0.0 5835.3504 1.0 0 0 0 0 0 0 0
4 True 2 5000 5000 0 0 0 0 0 0 8000.0 0 0 0.0 0 0 0 0 0 0 0 0
4 True 2 5000 5000 1 0 0 0 0 0 8000.0 1.0 0.0 16927.34208 0.5 0 0 0 0 0 0 0
4 True 2 5000 5000 1 0 1 0 1 0 8000.0 1.0 0.0 3578.61504 0.5 0 0 0 0 0 0 0
4 True 2 5000 5000 2 0 6 0 6 0 8000.0 1.0 0.0 6390.713472 1.0 0 0 0 0 0 0 0
4 True 2 5000 5000 2 0 2 0 2 0 8000.0 1.0 0.0 22280.772096 1.0 0 0 0 0 0 0 0
4 True 2 5000 5000 2 0 3 0 3 0 8000.0 1.0 0.0 51024.14592 1.0 0 0 0 0 0 0 0
4 True 2 5000 5000 2 0 0 0 0 0 8000.0 1.0 0.0 28200.50112 1.0 0 0 0 0 0 0 0
4 True 2 5000 5000 1 0 0 0 0 0 8000.0 1.0 0.0 9050.988672 0.5 0 0 0 0 0 0 0
4 True 2 5000 5000 1 0 0 0 0 0 8000.0 1.0 0.0 55068.11904 0.5 0 0 0 0 0 0 0
4 True 2 5000 5000 1 0 1 0 1 0 8000.0 1.0 0.0 8066.378496 0.5 0 0 0 0 0 0 0
4 True 2 5000 5000 2 0 1 0 1 0 8000.0 1.0 0.0 17555.062272 1.0 0 0 0 0 0 0 0
4 True 2 5000 5000 2 0 0 0 0 0 8000.0 1.0 0.0 48897.437952 1.0 0 0 0 0 0 0 0
4 True 2 5000 5000 2 0 0 0 0 0 8000.0 1.0 0.0 42695.448576 1.0 0 0 0 0 0 0 0
4 False 2 5000 5000 2 0 1 0 1 0 8000.0 1.0 0.5 17491.956864 1.0 0.5 0 0 0 0 0 0
4 False 2 5000 5000 1 0 1 0 1 0 8000.0 1.0 0.0 2782.103808 0.5 0 0 0 0 0 0 0
4 False 2 5000 5000 2 0 0 0 0 0 8000.0 1.0 0.0 29053.043712 1.0 0 0 0 0 0 0 0
4 False 2 5000 5000 2 0 2 0 2 0 8000.0 1.0 0.5 21531.482112 1.0 0.5 0 0 0 0 0 0
4 False 2 5000 5000 2 0 1 0 1 0 8000.0 1.0 0.0 14127.218688 1.0 0 0 0 0 0 0 0
4 False 2 5000 5000 1 0 1 0 1 0 8000.0 1.0 0.0 3020.143104 0.5 0 0 0 0 0 0 0
4 False 2 5000 5000 1 0 0 0 0 0 8000.0 1.0 0.0 13929.096192 0.5 0 0 0 0 0 0 0
4 False 2 5000 5000 2 0 4 0 4 0 8000.0 1.0 0.0 3467.076096 1.0 0 0 0 0 0 0 0
4 False 2 5000 5000 0 0 0 0 0 0 8000.0 0 0 0.0 0 0 0 0 0 0 0 0
4 False 2 5000 5000 1 0 1 0 1 0 8000.0 1.0 0.0 3899.42784 0.5 0 0 0 0 0 0 0
4 False 2 5000 5000 2 0 2 0 2 0 8000.0 1.0 0.0 19488.678528 1.0 0 0 0 0 0 0 0
4 False 2 5000 5000 1 0 0 0 0 0 8000.0 1.0 0.0 6707.847168 0.5 0 0 0 0 0 0 0
4 False 2 5000 5000 2 0 1 0 1 0 8000.0 1.0 0.0 19760.383104 1.0 0 0 0 0 0 0 0
4 False 2 5000 5000 2 0 3 0 3 0 8000.0 1.0 0.0 16656.663936 1.0 0 0 0 0 0 0 0
4 False 2 5000 5000 2 0 1 0 1 0 8000.0 1.0 0.0 29164.675584 1.0 0 0 0 0 0 0 0
4 False 2 5000 5000 2 0 0 0 0 0 8000.0 1.0 0.0 32396.762112 1.0 0 0 0 0 0 0 0
4 False 2 5000 5000 1 0 0 0 0 0 8000.0 1.0 0.0 6505.927296 0.5 0 0 0 0 0 0 0
4 True 2 5000 5000 2 0 0 0 0 0 8000.0 1.0 0.0 35316.18816 1.0 0 0 0 0 0 0 0
4 True 2 5000 5000 2 0 1 0 1 0 8000.0 1.0 0.0 14816.507904 1.0 0 0 0 0 0 0 0
4 True 2 5000 5000 2 0 0 0 0 0 8000.0 1.0 0.0 52033.969152 1.0 0 0 0 0 0 0 0
4 True 2 5000 5000 2 0 1 0 1 0 8000.0 1.0 0.0 21245.288064 1.0 0 0 0 0 0 0 0
4 True 2 5000 5000 1 0 2 0 2 0 8000.0 1.0 0.0 1923.618048 0.5 0 0 0 0 0 0 0
4 True 2 5000 5000 1 0 0 0 0 0 8000.0 1.0 0.0 54896.590848 0.5 0 0 0 0 0 0 0
4 True 2 5000 5000 2 0 0 0 0 0 8000.0 1.0 0.0 152839.323648 1.0 0 0 0 0 0 0 0
4 True 2 5000 5000 1 0 0 0 0 0 8000.0 1.0 0.0 108600.459264 0.5 0 0 0 0 0 0 0
4 True 2 5000 5000 2 0 0 0 0 0 8000.0 1.0 0.0 227997.057024 1.0 0 0 0 0 0 0 0
4 True 2 5000 5000 1 0 0 0 0 0 8000.0 1.0 0.0 54066.118656 0.5 0 0 0 0 0 0 0
4 True 2 5000 5000 2 0 0 0 0 0 8000.0 1.0 0.0 192563.576832 1.0 0 0 0 0 0 0 0
4 True 2 5000 5000 2 0 0 0 0 0 8000.0 1.0 0.0 75051.761664 1.0 0 0 0 0 0 0 0
4 True 2 5000 5000 1 0 0 0 0 0 8000.0 1.0 0.0 86731.358208 0.5 0 0 0 0 0 0 0
4 True 2 5000 5000 1 0 0 0 0 0 8000.0 1.0 0.0 113444.880384 0.5 0 0 0 0 0 0 0
4 True 2 5000 5000 1 0 0 0 0 0 8000.0 1.0 0.0 45622.984704 0.5 0 0 0 0 0 0 0
4 True 2 5000 5000 2 0 0 0 0 0 8000.0 1.0 0.0 174016.364544 1.0 0 0 0 0 0 0 0
4 True 2 5000 5000 2 0 0 0 6 0 8000.0 1.0 4.0 190349.013221 1.0 1.0 0 0 0 0 0 0
4 True 2 5000 5000 1 0 0 0 0 0 8000.0 1.0 0.0 50593.923072 0.5 0 0 0 0 0 0 0
4 True 2 5000 5000 1 0 0 0 0 0 8000.0 1.0 0.0 111910.453248 0.5 0 0 0 0 0 0 0
4 True 2 5000 5000 1 0 0 0 0 0 8000.0 1.0 0.0 38275.252224 0.5 0 0 0 0 0 0 0
4 True 2 5000 5000 2 0 0 0 0 0 8000.0 1.0 0.0 233509.748736 1.0 0 0 0 0 0 0 0
4 True 2 5000 5000 2 0 0 0 0 0 8000.0 1.0 0.0 188110.60224 1.0 0 0 0 0 0 0 0
4 True 2 5000 5000 1 0 0 0 0 0 8000.0 1.0 0.0 115093.929984 0.5 0 0 0 0 0 0 0
4 False 2 5000 5000 2 0 0 0 5 0 8000.0 1.0 4.0 252646.317588 1.0 1.0 0 0 0 0 0 0
4 False 2 5000 5000 7 0 0 0 24 0 8000.0 1.0 4.0 477115.040662 1.0 1.0 0 0 0 0 0 0
4 False 2 5000 5000 5 0 0 0 16 0 8000.0 1.0 4.0 396412.136718 1.0 1.0 0 0 0 0 0 0
4 False 2 5000 5000 2 0 0 0 0 0 8000.0 1.0 0.0 89838.05952 1.0 0 0 0 0 0 0 0
4 False 2 5000 5000 2 0 0 0 0 0 8000.0 1.0 0.0 190325.194752 1.0 0 0 0 0 0 0 0
4 False 2 5000 5000 1 0 0 0 0 0 8000.0 1.0 0.0 48379.33056 0.5 0 0 0 0 0 0 0
4 False 2 5000 5000 2 0 0 0 0 0 8000.0 1.0 0.0 186034.42176 1.0 0 0 0 0 0 0 0
4 False 2 5000 5000 1 0 0 0 0 0 8000.0 1.0 0.0 42981.261312 0.5 0 0 0 0 0 0 0
4 False 2 5000 5000 1 0 0 0 0 0 8000.0 1.0 0.0 37721.604096 0.5 0 0 0 0 0 0 0
4 False 2 5000 5000 2 0 0 0 0 0 8000.0 1.0 0.0 153784.418304 1.0 0 0 0 0 0 0 0
4 False 2 5000 5000 2 0 0 0 0 0 8000.0 1.0 0.0 103540.850688 1.0 0 0 0 0 0 0 0
4 False 2 5000 5000 2 0 0 0 0 0 8000.0 1.0 0.0 211086.999552 1.0 0 0 0 0 0 0 0
4 False 2 5000 5000 1 0 0 0 0 0 8000.0 1.0 0.0 31077.82656 0.5 0 0 0 0 0 0 0
4 False 2 5000 5000 2 0 0 0 0 0 8000.0 1.0 0.0 166933.561344 1.0 0 0 0 0 0 0 0
4 False 2 5000 5000 2 0 0 0 0 0 8000.0 1.0 0.0 197522.620416 1.0 0 0 0 0 0 0 0
4 False 2 5000 5000 2 0 0 0 0 0 8000.0 1.0 0.0 214685.712384 1.0 0 0 0 0 0 0 0
4 False 2 5000 5000 2 0 0 0 0 0 8000.0 1.0 0.0 154891.71456 1.0 0 0 0 0 0 0 0
4 False 2 5000 5000 2 0 0 0 0 0 8000.0 1.0 0.0 188525.838336 1.0 0 0 0 0 0 0 0
4 False 2 5000 5000 2 0 0 0 0 0 8000.0 1.0 0.0 88592.351232 1.0 0 0 0 0 0 0 0
4 False 2 5000 5000 2 0 0 0 0 0 8000.0 1.0 0.0 191155.666944 1.0 0 0 0 0 0 0 0
4 False 2 5000 5000 2 0 0 0 0 0 8000.0 1.0 0.0 144510.81216 1.0 0 0 0 0 0 0 0
4 False 2 5000 5000 2 0 0 0 6 0 8000.0 1.0 4.0 180106.522853 1.0 1.0 0 0 0 0 0 0
4 False 2 5000 5000 5 0 0 0 17 0 8000.0 1.0 4.0 450934.587359 1.0 1.0 0 0 0 0 0 0
4 False 2 5000 5000 3 0 0 0 9 0 8000.0 1.0 4.0 327462.365528 0.5 0.5 0 0 0 0 0 0
4 False 2 5000 5000 4 0 0 0 13 0 8000.0 1.0 4.0 295977.972892 1.0 1.0 0 0 0 0 0 0
4 False 2 5000 5000 2 0 0 0 0 0 8000.0 1.0 0.0 224097.73056 1.0 0 0 0 0 0 0 0
4 False 2 5000 5000 2 0 0 0 0 0 8000.0 1.0 0.0 232956.100608 1.0 0 0 0 0 0 0 0
2 False 2 5000 5000 1 0 0 0 0 0 8000.0 1.0 0.0 62737.416192 0.5 0 0 0 0 0 0 0
2 False 2 5000 5000 1 0 0 0 0 0 8000.0 1.0 0.0 16450.486272 0.5 0 0 0 0 0 0 0
2 False 2 5000 5000 2 0 0 0 0 0 8000.0 1.0 0.0 58010.861568 1.0 0 0 0 0 0 0 0
2 False 2 5000 5000 2 0 0 0 0 0 8000.0 1.0 0.0 57941.655552 1.0 0 0 0 0 0 0 0
2 False 2 5000 5000 1 0 0 0 0 0 8000.0 1.0 0.0 26208.534528 0.5 0 0 0 0 0 0 0
2 False 2 5000 5000 0 0 0 0 0 0 8000.0 0 0 0.0 0 0 0 0 0 0 0 0
2 False 2 5000 5000 3 0 0 0 3 0 8000.0 1.0 2.0 93020.4693627 1.0 1.0 0 0 0 0 0 0
2 False 2 5000 5000 0 0 0 0 0 0 8000.0 0 0 0.0 0 0 0 0 0 0 0 0
2 False 2 5000 5000 5 0 0 0 6 0 8000.0 1.0 2.0 327645.098213 1.0 1.0 0 0 0 0 0 0
2 False 2 5000 5000 5 0 0 0 6 0 8000.0 1.0 2.0 149578.019045 1.0 1.0 0 0 0 0 0 0
2 False 2 5000 5000 1 0 0 0 0 0 8000.0 1.0 0.0 24189.66528 0.5 0 0 0 0 0 0 0
2 False 2 5000 5000 2 0 0 0 0 0 8000.0 1.0 0.0 62497.357824 1.0 0 0 0 0 0 0 0
2 False 2 5000 5000 1 0 0 0 0 0 8000.0 1.0 2.0 31272.46848 0.5 0.5 0 0 0 0 0 0
2 False 2 5000 5000 4 0 0 0 5 0 8000.0 1.0 2.0 246417.776148 1.0 1.0 0 0 0 0 0 0
2 False 2 5000 5000 2 0 0 0 0 0 8000.0 1.0 0.0 96904.64256 1.0 0 0 0 0 0 0 0
2 False 2 5000 5000 2 0 0 0 0 0 8000.0 1.0 0.0 61817.192448 1.0 0 0 0 0 0 0 0
2 False 2 5000 5000 2 0 0 0 0 0 8000.0 1.0 0.0 57445.318656 1.0 0 0 0 0 0 0 0
2 False 2 5000 5000 1 0 0 0 0 0 8000.0 1.0 0.0 59761.557504 0.5 0 0 0 0 0 0 0
2 False 2 5000 5000 0 0 0 0 0 0 8000.0 0 0 0.0 0 0 0 0 0 0 0 0
2 False 2 5000 5000 2 0 0 0 0 0 8000.0 1.0 0.0 55092.314112 1.0 0 0 0 0 0 0 0
2 False 3 5000 5000 3 0 0 0 0 0 8000.0 1.0 0.0 129594.753024 1.0 0 0 0 0 0 0 0
2 False 3 5000 5000 4 0 0 0 5 0 8000.0 1.0 2.0 193129.143828 1.0 1.0 0 0 0 0 0 0
2 False 3 5000 5000 5 0 0 0 6 0 8000.0 1.0 2.0 211794.227429 0.666666666667 0.666666666667 0 0 0 0 0 0
2 False 3 5000 5000 7 0 0 0 10 0 8000.0 1.0 2.0 318445.042729 0.666666666667 0.666666666667 0 0 0 0 0 0
2 False 3 5000 5000 3 0 0 0 3 0 8000.0 1.0 2.0 120772.081779 0.666666666667 0.666666666667 0 0 0 0 0 0
2 False 3 5000 5000 6 0 0 0 8 0 8000.0 1.0 2.0 178335.291015 1.0 1.0 0 0 0 0 0 0
2 False 3 5000 5000 2 0 0 0 1 0 8000.0 1.0 2.0 88485.3029929 0.666666666667 0.666666666667 0 0 0 0 0 0
2 False 3 5000 5000 2 0 0 0 2 0 8000.0 1.0 2.0 52071.0486098 0.666666666667 0.666666666667 0 0 0 0 0 0
2 False 3 5000 5000 5 0 0 0 7 0 8000.0 1.0 2.0 202093.495222 0.666666666667 0.666666666667 0 0 0 0 0 0
2 False 3 5000 5000 7 0 0 0 10 0 8000.0 1.0 2.0 196296.424489 0.666666666667 0.666666666667 0 0 0 0 0 0
2 False 3 5000 5000 10 0 0 0 16 0 8000.0 1.0 2.0 377311.276302 1.0 1.0 0 0 0 0 0 0
2 False 3 5000 5000 3 0 0 0 3 0 8000.0 1.0 2.0 104993.110131 0.666666666667 0.666666666667 0 0 0 0 0 0
2 False 3 5000 5000 2 0 0 0 1 0 8000.0 1.0 2.0 63225.1071529 0.333333333333 0.333333333333 0 0 0 0 0 0
2 False 3 5000 5000 5 0 3 0 6 2 8000.0 1.0 1.4 33204.3377787 1.0 0.888888888889 0 0 0 0 0 0
2 False 3 5000 5000 2 0 2 0 2 2 8000.0 1.0 1.0 8971.404288 0.333333333333 0.333333333333 0 0 0 0 0 0
2 False 3 5000 5000 7 0 7 0 10 4 8000.0 1.0 1.0 20293.6986747 1.0 1.0 0 0 0 0 0 0
2 False 3 5000 5000 3 0 3 0 4 2 8000.0 1.0 1.0 25483.5404329 0.666666666667 0.666666666667 0 0 0 0 0 0
2 False 3 5000 5000 5 0 5 0 7 3 8000.0 1.0 1.0 22809.7194578 1.0 1.0 0 0 0 0 0 0
2 False 3 5000 5000 4 0 4 0 4 4 8000.0 1.0 1.0 32633.64096 1.0 1.0 0 0 0 0 0 0
2 False 3 5000 5000 7 0 0 0 11 0 8000.0 1.0 2.0 301270.060794 1.0 1.0 0 0 0 0 0 0