150 26 0
47 50 1
3 71 2
98 39 3
63 83 4
62 61 5
106 27 6
129 32 7
20 8 8
51 78 9
26 55 10
52 49 11
26 62 12
81 18 13
48 12 14
89 73 15
122 81 16
111 6 17
73 47 18
134 72 19
5 69 20
148 10 21
26 42 22
59 53 23
49 43 24
61 65 25
98 5 26
111 2 27
99 3 28
122 47 29
37 35 30
96 83 31
135 64 32
28 75 33
45 37 34
142 52 35
43 3 36
19 12 37
41 76 38
51 36 39
129 2 40
118 32 41
125 79 42
38 76 43
111 86 44
145 79 45
101 76 46
125 49 47
23 64 48
137 40 49
78 24 50
125 84 51
43 20 52
13 76 53
83 35 54
108 37 55
100 52 56
77 33 57
68 41 58
68 66 59
112 22 60
140 86 61
144 86 62
45 50 63
109 53 64
36 26 65
144 85 66
108 39 67
84 23 68
51 7 69
34 40 70
49 41 71
73 41 72
143 66 73
106 5 74
120 50 75
151 25 76
23 59 77
43 5 78
118 86 79
113 17 80
82 58 81
117 38 82
7 23 83
106 24 84
1 47 85
56 37 86
3 46 87
80 72 88
60 66 89
107 48 90
147 68 91
54 33 92
23 84 93
55 17 94
80 20 95
100 27 96
121 37 97
146 59 98
104 26 99
108 53 100
32 40 101
134 39 102
70 67 103
86 53 104
96 46 105
26 0 106
143 0 107
75 52 108
136 80 109
14 57 110
141 6 111
149 11 112
126 78 113
71 19 114
94 10 115
44 51 116
56 29 117
15 62 118
21 60 119
114 28 120
92 50 121
29 50 122
32 48 123
119 84 124
144 8 125
104 67 126
16 12 127
30 28 128
60 37 129
80 78 130
142 27 131
140 30 132
90 42 133
89 76 134
148 78 135
115 11 136
49 4 137
35 30 138
9 86 139
96 72 140
87 76 141
104 24 142
131 38 143
102 0 144
149 24 145
145 43 146
67 75 147
1 79 148
133 55 149
127 43 150
12 35 151
98 1 152
6 39 153
10 82 154
106 43 155
119 25 156
107 40 157
57 65 158
97 13 159
103 28 160
41 34 161
107 51 162
72 31 163
123 57 164
108 23 165
142 47 166
100 9 167
33 17 168
46 81 169
24 40 170
70 52 171
88 2 172
97 12 173
25 19 174
13 2 175
8 57 176
106 5 177
52 80 178
14 51 179
56 87 180
17 5 181
55 42 182
101 1 183
121 6 184
132 83 185
82 35 186
87 52 187
128 77 188
26 68 189
112 15 190
36 57 191
100 31 192
76 10 193
54 42 194
12 8 195
28 81 196
96 60 197
115 71 198
72 48 199
20 20 200
46 81 201
145 72 202
102 20 203
83 8 204
137 76 205
97 0 206
97 27 207
116 27 208
148 87 209
59 53 210
87 28 211
115 3 212
15 17 213
4 41 214
7 25 215
111 81 216
147 30 217
118 0 218
74 74 219
63 12 220
94 57 221
82 47 222
22 61 223
37 23 224
67 67 225
127 29 226
55 49 227
27 6 228
29 70 229
1 21 230
50 69 231
44 25 232
70 75 233
41 4 234
16 83 235
146 19 236
46 67 237
79 81 238
99 27 239
141 23 240
70 30 241
111 56 242
83 79 243
96 40 244
123 70 245
20 55 246
120 57 247
49 29 248
34 56 249
